0 1 1
2 1 1
3 1 1
4 1 1
5 1 1
6 1 1
7 1 1
8 1 1
9 1 1
1 10 1
11 1 1
12 1 1
1 13 1
0 11 1
7 0 1
0 14 1
0 6 1
0 15 1
0 13 1
0 12 1
0 16 1
0 17 1
0 8 1
0 18 1
0 5 1
0 19 1
0 20 1
0 21 1
0 10 1
0 22 1
0 23 1
0 24 1
0 25 1
15 10 1
3 10 1
26 10 1
5 10 1
16 10 1
10 13 1
27 10 1
20 10 1
24 10 1
28 10 1
17 10 1
11 10 1
22 10 1
29 10 1
12 10 1
21 10 1
8 10 1
18 10 1
23 10 1
30 10 1
10 25 1
14 10 1
6 10 1
15 31 1
15 32 1
15 11 1
15 17 1
15 33 1
15 22 1
15 13 1
16 15 1
15 25 1
15 34 1
35 15 1
36 15 1
15 37 1
15 19 1
15 24 1
12 15 1
15 21 1
15 18 1
15 38 1
39 31 1
39 40 1
41 39 1
39 42 1
39 43 1
39 34 1
39 37 1
39 44 1
39 45 1
39 38 1
34 31 1
31 19 1
17 31 1
11 31 1
32 31 1
42 31 1
25 31 1
37 31 1
45 31 1
38 31 1
36 31 1
17 13 1
22 13 1
46 13 1
35 13 1
6 13 1
13 19 1
11 13 1
47 13 1
48 13 1
16 13 1
8 13 1
18 13 1
9 13 1
23 13 1
5 13 1
12 13 1
25 13 1
4 13 1
49 13 1
38 13 1
50 13 1
12 17 1
16 17 1
40 17 1
17 33 1
34 17 1
11 17 1
17 21 1
17 19 1
17 38 1
17 18 1
17 24 1
17 25 1
17 29 1
37 17 1
32 17 1
17 22 1
36 19 1
22 19 1
11 19 1
51 19 1
37 19 1
25 19 1
12 19 1
35 19 1
52 19 1
46 19 1
6 19 1
36 11 1
36 53 1
36 54 1
36 55 1
36 45 1
36 56 1
36 57 1
36 58 1
36 59 1
36 60 1
36 61 1
36 35 1
36 62 1
63 36 1
36 64 1
36 65 1
36 66 1
36 37 1
36 67 1
36 32 1
36 68 1
36 69 1
36 34 1
36 70 1
36 71 1
36 22 1
72 48 1
48 32 1
48 73 1
48 74 1
69 48 1
48 22 1
48 75 1
48 76 1
58 48 1
55 48 1
61 48 1
48 33 1
64 48 1
48 77 1
78 48 1
48 79 1
48 80 1
48 8 1
48 18 1
48 81 1
48 42 1
59 48 1
71 48 1
48 23 1
48 45 1
20 3 1
3 82 1
21 3 1
8 3 1
18 3 1
3 83 1
84 3 1
85 3 1
86 3 1
28 3 1
14 3 1
27 3 1
30 3 1
87 3 1
26 3 1
88 3 1
9 3 1
89 3 1
29 3 1
3 90 1
91 3 1
21 20 1
20 18 1
24 20 1
28 20 1
16 20 1
20 14 1
20 29 1
20 27 1
30 20 1
12 20 1
30 92 1
93 92 1
23 92 1
40 92 1
92 94 1
95 92 1
89 92 1
27 92 1
14 92 1
85 92 1
91 92 1
92 83 1
32 92 1
96 92 1
42 92 1
92 44 1
86 92 1
21 92 1
28 92 1
33 92 1
30 79 1
30 83 1
30 89 1
26 30 1
30 29 1
28 30 1
21 30 1
40 30 1
30 91 1
30 27 1
30 18 1
97 30 1
30 90 1
95 30 1
30 82 1
30 14 1
30 85 1
85 83 1
18 83 1
89 83 1
83 94 1
95 83 1
26 83 1
28 83 1
91 83 1
97 83 1
83 82 1
21 83 1
96 83 1
83 90 1
98 83 1
27 83 1
79 83 1
86 83 1
23 83 1
28 85 1
85 86 1
21 85 1
40 85 1
91 85 1
85 90 1
85 29 1
85 82 1
14 85 1
27 85 1
85 89 1
98 94 1
26 94 1
99 94 1
100 94 1
86 94 1
90 94 1
95 94 1
96 94 1
94 101 1
89 94 1
94 82 1
102 94 1
84 94 1
79 94 1
103 94 1
97 94 1
93 94 1
98 87 1
98 90 1
103 98 1
98 26 1
98 28 1
98 93 1
96 98 1
98 86 1
98 84 1
98 79 1
98 97 1
98 101 1
104 45 1
69 45 1
105 45 1
66 45 1
43 45 1
34 45 1
60 45 1
75 45 1
70 45 1
106 45 1
56 45 1
74 45 1
107 45 1
108 45 1
42 45 1
72 45 1
55 45 1
78 45 1
59 45 1
53 45 1
109 45 1
110 45 1
64 45 1
111 45 1
76 45 1
58 45 1
112 45 1
113 45 1
63 45 1
41 45 1
62 45 1
71 45 1
61 45 1
37 45 1
22 45 1
114 45 1
79 45 1
32 45 1
104 69 1
115 104 1
104 70 1
116 104 1
117 104 1
118 104 1
104 106 1
104 105 1
108 104 1
119 104 1
104 114 1
104 112 1
104 62 1
57 104 1
120 104 1
104 68 1
121 104 1
104 111 1
104 76 1
58 104 1
104 113 1
63 104 1
122 104 1
104 123 1
124 104 1
104 125 1
104 60 1
104 110 1
69 109 1
70 69 1
71 69 1
69 72 1
69 32 1
69 113 1
63 69 1
108 69 1
69 80 1
55 69 1
69 75 1
69 114 1
62 69 1
69 77 1
69 74 1
115 69 1
69 76 1
58 69 1
122 69 1
69 78 1
64 69 1
69 59 1
69 106 1
61 69 1
69 111 1
53 69 1
119 41 1
41 114 1
113 41 1
122 41 1
126 41 1
127 41 1
106 41 1
111 41 1
128 41 1
76 41 1
60 41 1
129 41 1
59 41 1
119 114 1
119 112 1
130 119 1
119 111 1
116 119 1
124 119 1
119 115 1
119 105 1
119 60 1
118 119 1
119 70 1
119 110 1
119 131 1
119 76 1
132 133 1
134 133 1
135 133 1
136 133 1
137 133 1
138 133 1
130 133 1
128 133 1
139 133 1
140 133 1
141 133 1
115 133 1
142 133 1
143 133 1
144 133 1
145 133 1
146 133 1
147 133 1
148 133 1
149 133 1
103 133 1
150 133 1
76 133 1
151 133 1
152 133 1
108 133 1
122 133 1
81 133 1
153 133 1
109 133 1
154 133 1
155 133 1
107 133 1
156 133 1
154 132 1
132 146 1
147 132 1
153 132 1
156 132 1
157 132 1
132 158 1
108 132 1
155 132 1
159 132 1
160 132 1
130 132 1
141 132 1
75 132 1
161 132 1
151 132 1
132 162 1
148 132 1
163 132 1
139 132 1
132 164 1
149 132 1
132 165 1
166 132 1
167 132 1
132 137 1
74 132 1
168 169 1
170 169 1
171 169 1
172 169 1
79 169 1
103 169 1
109 169 1
173 169 1
77 169 1
174 169 1
154 169 1
81 169 1
74 169 1
175 169 1
176 169 1
75 169 1
143 169 1
76 169 1
147 169 1
177 169 1
152 169 1
178 169 1
107 169 1
179 169 1
168 138 1
170 168 1
103 168 1
168 180 1
151 168 1
168 143 1
171 168 1
140 168 1
100 168 1
174 168 1
168 142 1
168 181 1
155 168 1
134 168 1
168 79 1
182 168 1
168 136 1
107 168 1
168 102 1
168 99 1
170 136 1
170 109 1
170 103 1
170 143 1
170 149 1
170 158 1
170 100 1
170 181 1
170 177 1
170 174 1
170 154 1
170 152 1
170 102 1
170 179 1
170 99 1
170 147 1
170 77 1
170 171 1
163 183 1
139 183 1
184 183 1
183 165 1
185 183 1
186 183 1
187 183 1
54 183 1
183 164 1
60 183 1
188 183 1
71 183 1
189 183 1
183 190 1
67 183 1
65 183 1
161 183 1
151 183 1
57 183 1
183 191 1
160 183 1
121 183 1
61 183 1
54 163 1
163 109 1
166 163 1
139 163 1
153 163 1
163 80 1
163 146 1
141 163 1
163 189 1
163 164 1
121 163 1
157 163 1
163 151 1
152 163 1
163 137 1
71 163 1
154 163 1
147 163 1
156 163 1
67 163 1
186 163 1
163 74 1
53 163 1
161 163 1
163 76 1
163 160 1
163 191 1
163 81 1
177 163 1
163 165 1
163 77 1
163 162 1
163 75 1
174 181 1
143 181 1
102 181 1
99 181 1
100 181 1
182 181 1
171 181 1
136 181 1
174 81 1
174 102 1
174 158 1
144 174 1
107 174 1
174 100 1
154 174 1
174 179 1
103 174 1
174 79 1
174 142 1
174 138 1
152 174 1
174 109 1
174 180 1
151 174 1
174 136 1
76 174 1
174 143 1
174 171 1
190 192 1
190 73 1
188 190 1
190 193 1
64 190 1
61 190 1
66 190 1
190 194 1
184 190 1
185 190 1
187 190 1
71 190 1
189 190 1
190 18 1
190 191 1
193 192 1
46 192 1
49 192 1
47 192 1
192 18 1
192 73 1
195 192 1
194 192 1
51 192 1
148 146 1
157 146 1
146 162 1
152 146 1
141 146 1
74 146 1
146 158 1
108 146 1
156 146 1
149 146 1
144 146 1
166 146 1
109 146 1
155 146 1
147 146 1
154 146 1
81 146 1
153 146 1
103 146 1
159 148 1
141 148 1
148 137 1
145 148 1
186 148 1
149 148 1
148 109 1
148 196 1
152 148 1
153 148 1
197 148 1
108 148 1
198 148 1
130 148 1
156 148 1
144 148 1
167 148 1
199 148 1
157 148 1
147 148 1
155 148 1
131 148 1
154 148 1
166 148 1
103 148 1
112 125 1
130 125 1
164 125 1
62 125 1
121 125 1
57 125 1
124 125 1
67 125 1
186 125 1
118 125 1
167 125 1
200 125 1
201 125 1
125 202 1
105 125 1
120 125 1
123 125 1
117 125 1
116 125 1
110 125 1
159 125 1
117 112 1
55 112 1
201 112 1
130 112 1
63 112 1
70 112 1
161 112 1
124 112 1
121 112 1
120 112 1
67 112 1
108 112 1
118 112 1
53 112 1
58 112 1
159 112 1
112 164 1
68 112 1
105 112 1
115 112 1
116 112 1
112 137 1
57 112 1
130 200 1
130 145 1
130 197 1
130 201 1
130 155 1
130 186 1
167 130 1
130 139 1
130 135 1
166 130 1
130 156 1
130 108 1
130 129 1
130 118 1
130 159 1
130 164 1
130 199 1
130 198 1
130 115 1
130 196 1
130 131 1
130 137 1
130 153 1
130 150 1
143 138 1
103 143 1
140 143 1
151 143 1
152 143 1
142 143 1
171 143 1
182 143 1
136 143 1
107 143 1
144 143 1
143 79 1
154 143 1
135 138 1
136 138 1
103 138 1
180 138 1
134 138 1
151 138 1
152 138 1
140 138 1
144 138 1
107 138 1
182 138 1
155 138 1
115 138 1
142 138 1
138 137 1
122 138 1
171 138 1
145 138 1
151 180 1
59 180 1
140 180 1
136 180 1
182 180 1
171 180 1
180 79 1
180 102 1
153 151 1
152 151 1
151 79 1
140 151 1
157 151 1
151 164 1
151 75 1
115 151 1
151 136 1
151 182 1
151 137 1
71 151 1
151 184 1
59 151 1
141 151 1
151 106 1
166 151 1
151 114 1
135 151 1
151 109 1
151 162 1
108 151 1
103 151 1
151 76 1
53 151 1
151 171 1
161 151 1
151 80 1
151 191 1
156 151 1
151 142 1
134 151 1
185 151 1
151 189 1
74 151 1
151 203 1
151 165 1
147 151 1
139 151 1
144 151 1
151 81 1
151 107 1
151 160 1
122 151 1
151 113 1
128 151 1
124 117 1
117 123 1
201 117 1
159 117 1
57 117 1
117 105 1
117 202 1
121 117 1
117 68 1
117 71 1
117 164 1
117 70 1
120 117 1
200 117 1
117 110 1
186 117 1
117 60 1
54 117 1
117 196 1
161 117 1
67 117 1
64 55 1
53 55 1
120 55 1
67 55 1
108 55 1
55 109 1
55 75 1
55 73 1
68 55 1
55 74 1
55 164 1
63 55 1
159 55 1
55 18 1
55 72 1
55 137 1
70 55 1
71 55 1
55 59 1
55 78 1
66 55 1
55 76 1
58 55 1
61 55 1
55 80 1
55 77 1
203 176 1
204 176 1
81 176 1
172 176 1
188 176 1
176 162 1
177 176 1
75 176 1
147 176 1
176 205 1
206 176 1
109 176 1
173 176 1
77 176 1
206 203 1
203 191 1
188 203 1
185 203 1
147 203 1
203 162 1
74 203 1
160 203 1
80 203 1
204 203 1
203 184 1
166 203 1
187 203 1
203 189 1
203 205 1
81 203 1
77 203 1
75 203 1
203 165 1
32 23 1
72 32 1
32 44 1
61 32 1
35 32 1
32 22 1
32 89 1
78 32 1
32 79 1
37 32 1
64 32 1
42 32 1
32 18 1
34 32 1
40 32 1
59 32 1
32 33 1
12 32 1
32 21 1
28 23 1
40 23 1
8 23 1
18 23 1
33 23 1
21 23 1
23 79 1
23 44 1
89 23 1
42 23 1
16 23 1
78 23 1
95 23 1
2 11 1
11 22 1
7 11 1
50 11 1
4 11 1
5 11 1
6 11 1
11 25 1
8 11 1
46 11 1
35 11 1
11 37 1
11 38 1
9 11 1
47 11 1
49 11 1
12 11 1
76 79 1
79 102 1
152 79 1
26 79 1
86 79 1
77 79 1
109 79 1
59 79 1
97 79 1
136 79 1
100 79 1
42 79 1
79 101 1
89 79 1
78 79 1
21 79 1
96 79 1
33 79 1
28 79 1
103 79 1
107 79 1
95 79 1
80 79 1
81 79 1
61 79 1
171 79 1
18 79 1
74 79 1
75 79 1
64 18 1
207 18 1
47 18 1
71 18 1
189 18 1
51 18 1
21 18 1
35 18 1
52 18 1
26 18 1
24 18 1
72 18 1
22 18 1
184 18 1
194 18 1
18 73 1
28 18 1
49 18 1
66 18 1
12 18 1
14 18 1
61 18 1
78 18 1
16 18 1
193 18 1
8 18 1
46 18 1
6 18 1
89 18 1
40 18 1
18 33 1
195 18 1
64 59 1
64 73 1
68 64 1
64 74 1
64 75 1
64 187 1
53 64 1
64 66 1
64 77 1
64 72 1
54 64 1
63 64 1
64 81 1
64 61 1
64 35 1
64 80 1
71 64 1
139 64 1
64 22 1
64 191 1
64 188 1
115 76 1
152 76 1
59 76 1
76 164 1
78 76 1
58 76 1
76 137 1
70 76 1
110 76 1
139 76 1
76 106 1
76 136 1
76 107 1
116 76 1
124 76 1
144 76 1
72 76 1
76 80 1
76 191 1
60 76 1
61 76 1
105 76 1
153 76 1
76 75 1
103 76 1
76 165 1
76 109 1
141 76 1
76 114 1
62 76 1
135 76 1
74 76 1
76 113 1
122 76 1
161 76 1
53 76 1
76 81 1
156 76 1
108 76 1
76 111 1
155 76 1
76 127 1
200 124 1
124 57 1
124 110 1
124 70 1
118 124 1
124 105 1
124 202 1
116 124 1
201 124 1
159 67 1
67 65 1
67 57 1
67 68 1
67 121 1
67 60 1
108 67 1
67 71 1
67 120 1
67 187 1
67 75 1
67 62 1
67 188 1
53 67 1
67 61 1
67 164 1
54 67 1
67 137 1
161 67 1
200 159 1
159 120 1
118 159 1
201 159 1
115 159 1
159 108 1
159 164 1
159 68 1
159 53 1
159 155 1
159 137 1
159 58 1
159 63 1
159 186 1
167 159 1
199 159 1
159 121 1
116 159 1
166 159 1
159 153 1
159 139 1
54 57 1
57 110 1
57 70 1
57 187 1
57 71 1
57 60 1
57 61 1
63 57 1
118 57 1
161 57 1
53 57 1
201 57 1
116 57 1
120 57 1
57 188 1
57 68 1
57 105 1
57 121 1
57 62 1
57 65 1
53 54 1
54 68 1
54 120 1
54 187 1
54 62 1
54 165 1
54 60 1
54 188 1
54 65 1
54 121 1
63 54 1
54 105 1
54 71 1
54 66 1
54 123 1
54 164 1
161 54 1
54 61 1
161 80 1
161 121 1
161 164 1
108 161 1
161 61 1
153 161 1
139 161 1
161 75 1
161 123 1
186 161 1
161 187 1
161 160 1
161 65 1
161 191 1
161 71 1
161 189 1
161 68 1
161 165 1
166 161 1
53 161 1
161 120 1
161 188 1
80 191 1
80 162 1
80 165 1
53 80 1
80 188 1
80 73 1
74 80 1
80 160 1
109 80 1
71 80 1
204 80 1
139 80 1
147 80 1
81 80 1
206 80 1
77 80 1
141 80 1
80 187 1
80 75 1
72 80 1
153 75 1
167 153 1
153 139 1
153 149 1
153 164 1
153 155 1
153 109 1
157 153 1
153 108 1
153 145 1
166 153 1
153 156 1
153 137 1
153 81 1
141 153 1
153 165 1
139 81 1
166 139 1
139 108 1
139 137 1
139 155 1
141 139 1
139 165 1
139 156 1
139 187 1
139 77 1
139 164 1
139 188 1
139 73 1
139 71 1
139 189 1
139 53 1
139 109 1
186 139 1
185 139 1
139 191 1
139 75 1
167 139 1
152 81 1
81 75 1
81 191 1
81 188 1
81 165 1
109 81 1
177 81 1
81 204 1
108 81 1
81 137 1
71 81 1
81 73 1
74 81 1
53 81 1
156 81 1
154 81 1
77 81 1
147 81 1
81 187 1
107 81 1
144 81 1
141 81 1
81 160 1
81 162 1
81 206 1
141 137 1
141 75 1
141 152 1
141 74 1
141 108 1
141 156 1
157 141 1
141 144 1
141 165 1
141 109 1
141 155 1
141 162 1
141 191 1
141 147 1
141 154 1
166 141 1
141 103 1
141 160 1
74 109 1
71 74 1
72 74 1
74 113 1
74 191 1
108 74 1
154 74 1
157 74 1
74 75 1
74 77 1
74 107 1
74 160 1
74 184 1
58 74 1
166 74 1
152 74 1
74 165 1
78 74 1
177 74 1
59 74 1
74 106 1
74 162 1
53 74 1
61 74 1
147 74 1
108 109 1
109 114 1
135 109 1
155 109 1
144 109 1
154 109 1
109 204 1
122 109 1
106 109 1
175 109 1
172 109 1
152 109 1
109 137 1
113 109 1
136 109 1
109 188 1
177 109 1
107 109 1
109 75 1
109 191 1
156 109 1
147 109 1
115 109 1
59 109 1
109 206 1
103 109 1
173 109 1
109 77 1
109 205 1
58 109 1
59 111 1
58 59 1
59 127 1
59 22 1
72 59 1
128 59 1
59 106 1
59 114 1
135 59 1
59 42 1
150 59 1
59 78 1
61 59 1
70 59 1
71 59 1
59 136 1
59 33 1
59 113 1
63 59 1
59 75 1
122 59 1
63 61 1
185 61 1
61 33 1
65 61 1
66 61 1
61 189 1
61 191 1
61 78 1
61 72 1
71 61 1
61 187 1
61 22 1
62 61 1
58 61 1
61 188 1
61 51 1
53 61 1
61 75 1
61 184 1
61 35 1
68 61 1
63 65 1
63 66 1
63 68 1
63 120 1
63 62 1
63 58 1
108 63 1
63 53 1
63 72 1
63 121 1
116 63 1
63 56 1
63 70 1
63 71 1
63 105 1
152 177 1
152 147 1
152 107 1
108 152 1
115 152 1
152 154 1
155 152 1
144 152 1
103 152 1
152 77 1
152 158 1
152 142 1
152 179 1
140 152 1
152 149 1
156 152 1
113 107 1
144 113 1
113 208 1
58 113 1
122 113 1
113 114 1
135 113 1
113 111 1
113 127 1
113 136 1
72 113 1
113 75 1
78 113 1
113 44 1
115 113 1
113 42 1
113 106 1
108 113 1
107 136 1
107 77 1
58 107 1
144 107 1
107 75 1
107 142 1
107 114 1
135 107 1
103 107 1
107 171 1
156 107 1
108 107 1
106 107 1
115 107 1
144 136 1
115 136 1
134 136 1
136 114 1
135 136 1
142 136 1
122 136 1
182 136 1
171 136 1
103 136 1
150 136 1
140 136 1
128 136 1
177 77 1
77 191 1
77 75 1
77 206 1
77 188 1
77 73 1
147 77 1
71 77 1
77 162 1
72 77 1
77 160 1
77 187 1
77 204 1
177 175 1
177 204 1
177 209 1
177 205 1
177 179 1
177 172 1
177 178 1
154 177 1
177 188 1
177 162 1
147 177 1
177 206 1
177 75 1
177 173 1
53 75 1
121 75 1
157 75 1
166 75 1
75 205 1
206 75 1
75 189 1
72 75 1
58 75 1
75 209 1
108 75 1
75 164 1
78 75 1
204 75 1
75 137 1
71 75 1
75 160 1
106 75 1
75 191 1
75 165 1
75 162 1
75 188 1
147 75 1
173 75 1
53 120 1
53 62 1
53 137 1
53 71 1
53 164 1
53 191 1
53 188 1
53 58 1
53 66 1
108 53 1
53 68 1
53 121 1
154 149 1
155 149 1
157 149 1
147 149 1
149 162 1
149 158 1
149 137 1
103 149 1
156 149 1
154 158 1
154 162 1
144 154 1
154 142 1
103 154 1
157 154 1
154 147 1
166 154 1
156 154 1
144 103 1
156 144 1
144 137 1
108 144 1
155 144 1
115 144 1
144 171 1
144 158 1
144 147 1
135 144 1
144 142 1
103 96 1
103 158 1
103 101 1
115 103 1
108 103 1
140 103 1
103 171 1
135 103 1
103 142 1
103 100 1
103 99 1
103 178 1
103 147 1
103 93 1
103 173 1
103 26 1
156 103 1
155 103 1
103 102 1
103 179 1
103 175 1
12 33 1
12 22 1
12 25 1
35 12 1
6 12 1
12 37 1
16 12 1
8 12 1
12 24 1
5 12 1
12 21 1
12 38 1
40 12 1
40 33 1
34 33 1
42 33 1
16 33 1
38 33 1
21 33 1
24 33 1
33 44 1
37 33 1
22 33 1
78 33 1
8 84 1
16 8 1
9 8 1
2 8 1
8 22 1
8 28 1
5 8 1
4 8 1
9 84 1
84 93 1
84 89 1
84 28 1
26 84 1
84 90 1
97 84 1
96 84 1
84 87 1
84 101 1
84 86 1
84 210 1
84 82 1
46 6 1
6 25 1
35 6 1
6 50 1
49 6 1
4 6 1
5 6 1
47 6 1
195 6 1
6 193 1
7 6 1
47 46 1
5 46 1
46 207 1
46 25 1
46 52 1
46 50 1
51 46 1
46 193 1
46 35 1
195 46 1
46 2 1
4 46 1
49 46 1
7 46 1
46 194 1
194 207 1
51 207 1
207 193 1
7 207 1
207 2 1
195 207 1
52 207 1
207 50 1
47 194 1
4 47 1
51 47 1
195 47 1
5 47 1
49 47 1
47 50 1
47 193 1
7 47 1
47 35 1
28 91 1
27 91 1
91 86 1
91 82 1
14 91 1
21 91 1
91 90 1
91 29 1
91 89 1
28 90 1
97 28 1
16 28 1
28 82 1
28 14 1
87 28 1
21 28 1
28 89 1
26 28 1
9 28 1
210 28 1
28 27 1
96 28 1
28 86 1
96 93 1
95 96 1
96 87 1
96 101 1
96 86 1
96 89 1
96 210 1
96 82 1
21 96 1
96 90 1
96 97 1
96 26 1
95 93 1
86 93 1
97 93 1
93 102 1
26 93 1
93 82 1
99 93 1
87 93 1
93 89 1
210 93 1
93 101 1
5 2 1
7 2 1
50 2 1
9 2 1
194 2 1
4 2 1
195 2 1
49 2 1
21 26 1
26 101 1
26 86 1
26 87 1
26 90 1
26 210 1
26 97 1
26 89 1
26 82 1
24 25 1
38 25 1
37 25 1
22 25 1
29 25 1
16 22 1
71 22 1
5 22 1
35 22 1
37 34 1
34 44 1
40 34 1
42 34 1
34 38 1
43 34 1
34 24 1
51 194 1
51 50 1
51 49 1
66 51 1
51 52 1
7 51 1
51 35 1
51 195 1
51 193 1
194 50 1
194 193 1
195 194 1
194 52 1
194 73 1
49 194 1
27 90 1
86 90 1
97 90 1
90 82 1
21 90 1
89 90 1
82 101 1
89 82 1
88 82 1
97 82 1
86 82 1
21 82 1
99 82 1
210 82 1
27 82 1
87 82 1
99 101 1
210 101 1
86 101 1
87 101 1
97 101 1
89 101 1
14 89 1
95 89 1
27 89 1
86 89 1
21 89 1
97 89 1
105 56 1
120 105 1
105 65 1
118 105 1
105 123 1
105 110 1
116 105 1
105 60 1
105 71 1
121 105 1
105 62 1
105 68 1
105 70 1
56 66 1
65 66 1
66 35 1
123 66 1
66 184 1
66 187 1
66 189 1
60 66 1
62 66 1
66 73 1
68 66 1
66 188 1
71 66 1
185 191 1
191 162 1
71 191 1
189 191 1
147 191 1
187 191 1
188 191 1
211 191 1
165 191 1
166 191 1
191 73 1
184 191 1
191 164 1
160 191 1
185 71 1
185 189 1
185 65 1
185 157 1
185 188 1
185 165 1
185 160 1
185 211 1
185 162 1
185 187 1
185 184 1
185 164 1
185 166 1
115 137 1
167 137 1
199 137 1
155 137 1
135 137 1
198 137 1
131 137 1
137 164 1
165 137 1
166 137 1
145 137 1
137 196 1
156 137 1
197 137 1
108 137 1
115 58 1
118 115 1
115 142 1
115 131 1
115 135 1
115 155 1
115 156 1
115 150 1
115 122 1
115 114 1
115 108 1
116 115 1
115 129 1
115 106 1
99 102 1
100 102 1
171 102 1
95 102 1
171 142 1
171 100 1
182 171 1
171 99 1
187 184 1
166 184 1
184 165 1
65 184 1
157 184 1
147 184 1
160 184 1
60 184 1
188 184 1
184 211 1
184 189 1
184 162 1
145 140 1
155 140 1
134 140 1
140 142 1
140 182 1
71 165 1
71 73 1
68 71 1
60 71 1
58 71 1
62 71 1
71 188 1
65 71 1
71 160 1
71 164 1
71 187 1
71 189 1
71 72 1
121 71 1
123 71 1
120 71 1
189 165 1
189 73 1
160 189 1
211 189 1
60 189 1
188 189 1
187 189 1
65 189 1
189 164 1
166 189 1
123 187 1
110 123 1
65 123 1
121 123 1
60 123 1
62 123 1
110 62 1
62 68 1
62 60 1
62 111 1
70 62 1
56 62 1
62 65 1
110 111 1
120 110 1
110 56 1
110 70 1
116 110 1
110 60 1
70 56 1
56 60 1
56 65 1
56 68 1
120 121 1
201 120 1
116 120 1
120 68 1
108 120 1
120 164 1
118 121 1
116 121 1
186 121 1
121 196 1
108 121 1
121 164 1
201 121 1
121 68 1
166 121 1
201 196 1
118 201 1
201 116 1
201 131 1
201 200 1
201 202 1
200 199 1
200 198 1
167 200 1
200 202 1
200 116 1
200 186 1
200 196 1
118 200 1
200 131 1
157 156 1
166 157 1
157 211 1
157 147 1
157 162 1
157 160 1
157 165 1
58 72 1
72 106 1
72 78 1
70 72 1
187 162 1
187 205 1
187 188 1
60 187 1
65 187 1
187 73 1
68 187 1
160 187 1
206 187 1
173 175 1
175 178 1
175 172 1
175 209 1
155 134 1
155 156 1
135 155 1
155 108 1
155 145 1
122 155 1
135 145 1
131 145 1
129 145 1
145 134 1
150 145 1
40 37 1
37 38 1
43 37 1
37 44 1
37 42 1
9 87 1
4 9 1
5 9 1
5 4 1
16 5 1
5 35 1
5 50 1
5 49 1
4 50 1
7 4 1
4 49 1
7 35 1
35 193 1
195 35 1
49 35 1
52 35 1
16 14 1
40 14 1
21 14 1
14 27 1
24 14 1
14 29 1
97 210 1
97 86 1
21 95 1
95 86 1
7 195 1
7 50 1
7 49 1
7 193 1
43 38 1
43 29 1
43 40 1
43 44 1
43 42 1
38 29 1
40 38 1
38 24 1
38 21 1
21 44 1
24 21 1
21 86 1
21 27 1
40 21 1
42 21 1
16 21 1
193 73 1
160 73 1
188 73 1
49 73 1
195 193 1
52 193 1
193 50 1
49 193 1
135 134 1
160 164 1
68 164 1
211 164 1
165 164 1
166 164 1
108 164 1
186 164 1
167 196 1
199 196 1
131 196 1
196 202 1
197 196 1
186 196 1
198 196 1
147 179 1
179 158 1
179 209 1
147 206 1
156 147 1
147 188 1
147 162 1
147 205 1
166 147 1
147 204 1
147 158 1
147 160 1
126 114 1
111 114 1
122 114 1
135 114 1
108 114 1
129 114 1
106 114 1
128 114 1
150 114 1
111 42 1
127 42 1
40 42 1
208 42 1
78 42 1
42 44 1
127 111 1
70 111 1
111 44 1
60 111 1
122 111 1
111 106 1
208 111 1
65 60 1
65 68 1
65 188 1
108 68 1
68 188 1
60 68 1
58 70 1
116 70 1
70 60 1
166 198 1
166 165 1
166 162 1
166 167 1
166 160 1
166 199 1
166 211 1
166 156 1
166 186 1
118 202 1
118 131 1
118 116 1
58 106 1
108 58 1
129 126 1
129 122 1
150 129 1
135 129 1
129 131 1
129 128 1
126 128 1
135 126 1
126 122 1
126 131 1
150 126 1
122 128 1
150 128 1
135 128 1
108 156 1
135 108 1
116 108 1
108 106 1
206 205 1
206 160 1
206 204 1
206 188 1
172 206 1
173 178 1
173 205 1
173 209 1
173 172 1
156 158 1
16 24 1
49 50 1
195 50 1
40 29 1
27 29 1
24 29 1
40 24 1
40 44 1
40 27 1
99 86 1
100 99 1
210 88 1
87 210 1
210 86 1
204 162 1
205 162 1
211 162 1
188 162 1
160 162 1
172 205 1
205 209 1
188 205 1
135 122 1
150 135 1
135 142 1
172 178 1
172 209 1
131 202 1
160 165 1
60 188 1
122 106 1
150 122 1
127 208 1
127 44 1
204 188 1
160 188 1
87 88 1
167 186 1
167 199 1
167 198 1
160 211 1
204 160 1
49 195 1
195 52 1
208 44 1
199 186 1
198 186 1
131 197 1
198 197 1
197 199 1
182 142 1
150 131 1
198 199 1
131 199 1
131 198 1
212 178 1
209 178 1