0 0 27
0 0 30
0 1 3
0 1 11
0 2 38
0 2 43
0 3 44
0 4 19
0 4 23
0 4 25
0 6 41
0 7 47
0 9 18
0 9 35
0 16 37
0 16 45
0 17 2
0 17 4
0 17 9
0 18 23
0 19 36
0 20 20
0 22 12
0 22 13
0 23 38
0 24 3
0 24 8
0 25 14
0 25 28
0 27 25
0 27 36
0 28 26
0 28 43
0 29 11
0 30 8
0 30 18
0 30 31
0 31 1
0 31 3
0 31 50
0 32 42
0 33 26
0 33 41
0 34 10
0 34 11
0 34 20
0 35 2
0 36 2
0 37 49
0 38 10
0 38 11
0 38 39
0 39 32
0 42 3
0 42 11
0 42 33
0 42 38
0 42 39
0 43 4
0 44 17
0 45 19
0 46 48
0 47 8
0 47 19
0 48 39
0 50 16
0 50 49
0 51 9
0 51 20
0 52 27
0 52 31
0 54 5
0 54 18
0 54 23
0 54 37
0 54 40
0 54 44
0 55 36
0 56 8
0 56 20
0 56 27
0 57 26
0 57 32
0 58 20
0 58 32
0 58 42
0 58 43
0 59 35
0 60 50
0 61 10
0 61 13
0 61 15
0 61 26
0 61 38
0 61 40
0 61 43
0 63 2
0 63 46
0 64 37
0 64 44
0 65 9
0 66 29
0 66 40
0 67 26
0 67 30
0 67 41
0 68 24
0 70 34
0 70 45
0 72 8
0 72 13
0 72 45
0 73 7
0 73 10
0 73 19
0 73 40
0 74 47
0 74 49
0 75 21
0 75 42
0 75 50
0 77 22
0 78 2
0 80 9
0 81 34
0 81 45
0 82 16
0 82 28
0 83 8
0 83 16
0 85 8
0 86 20
0 86 44
0 87 15
0 87 44
0 88 24
0 88 47
0 89 23
0 89 49
0 89 50
0 90 14
0 90 18
0 91 31
0 92 17
0 93 25
0 94 36
0 94 45
0 95 14
0 96 26
0 97 23
0 97 33
0 98 32
0 99 11
0 99 30
1 43 34
1 71 12
1 82 30
1 87 22
2 24 31
2 44 39
2 45 21
2 70 39
2 71 2
3 45 38
4 37 24
5 7 13
5 9 22
5 23 21
5 23 47
5 45 42
6 73 16
6 78 24
6 97 19
7 18 15
7 23 46
7 74 20
8 60 31
9 3 10
9 5 42
9 61 34
9 73 3
10 24 24
10 32 26
10 33 34
10 64 5
10 68 29
10 77 42
11 1 20
11 4 31
11 9 34
11 52 17
11 58 20
11 88 5
11 96 41
12 54 15
12 95 19
13 42 50
13 65 20
13 93 28
13 95 17
14 21 1
14 21 1
14 64 6
14 86 32
14 92 9
15 21 36
15 29 24
15 34 37
15 64 4
15 92 23
16 6 3
16 22 38
16 24 36
16 34 49
16 75 5
17 9 2
17 12 10
17 20 24
17 41 7
17 90 22
18 37 33
18 56 5
18 90 50
19 21 20
19 27 8
19 41 2
20 5 9
20 18 23
20 28 45
20 56 22
20 62 40
20 68 43
20 91 7
21 53 46
21 60 8
22 21 23
22 51 38
22 57 8
22 72 38
23 7 34
23 15 28
23 20 30
24 44 45
24 83 26
25 10 29
25 63 2
26 4 30
26 42 28
26 88 34
26 94 21
27 14 43
27 23 41
27 29 10
27 38 4
27 56 36
27 68 40
28 12 21
28 16 42
28 25 29
28 96 48
29 18 46
29 33 38
29 62 43
30 0 20
30 87 4
31 12 28
31 64 42
31 93 1
32 32 12
32 71 17
32 72 45
33 73 40
34 80 38
35 43 39
35 76 50
35 99 5
36 17 28
36 17 45
37 23 7
37 44 46
37 57 34
37 58 14
37 69 30
37 82 2
38 0 38
38 23 24
39 8 31
39 56 13
39 78 3
39 99 8
40 64 37
40 84 10
40 96 49
40 99 40
41 13 34
41 24 22
41 55 9
41 69 38
41 76 14
43 5 6
43 58 41
43 60 24
45 24 15
45 30 23
45 34 28
46 68 24
46 80 9
46 85 31
46 94 40
47 7 2
47 47 36
48 9 45
48 40 47
48 53 40
48 57 2
49 38 15
49 81 22
50 18 12
50 43 16
50 92 50
50 96 41
51 6 37
51 31 47
52 47 34
53 10 46
53 16 10
53 62 19
53 97 35
54 42 21
54 83 31
55 6 32
55 84 22
55 85 33
55 91 11
56 48 23
57 1 42
57 63 41
57 71 1
58 21 10
58 31 14
58 88 21
59 35 50
59 42 28
59 53 31
59 63 12
59 71 37
59 86 9
60 68 49
61 22 35
61 28 18
62 23 41
62 55 11
62 91 34
63 16 28
63 95 41
64 31 21
64 87 3
65 0 20
65 28 26
65 32 8
65 34 12
65 45 6
65 60 24
66 0 16
66 1 30
66 35 7
66 51 23
66 51 46
66 61 31
66 74 46
66 84 36
66 86 47
67 93 19
67 97 36
68 30 26
68 48 47
68 59 32
68 76 16
68 98 25
69 25 12
69 29 28
69 48 4
69 48 23
69 65 22
70 12 32
70 59 44
70 95 46
71 7 46
71 11 43
71 47 40
71 49 50
71 65 27
71 73 49
72 40 6
72 43 37
72 87 34
72 93 49
73 8 30
73 10 1
73 25 17
73 32 24
73 54 49
74 92 34
75 7 29
75 28 15
75 60 45
75 69 49
76 3 32
76 30 15
76 86 26
76 86 43
76 95 24
77 14 32
77 37 9
77 54 39
77 83 9
78 13 45
78 78 35
79 9 9
79 18 34
79 68 31
79 75 47
80 1 7
80 5 6
80 17 41
80 74 50
80 79 32
80 92 34
81 35 25
81 92 15
82 12 37
82 59 34
83 22 33
84 12 11
84 16 24
84 22 40
84 29 32
84 33 18
84 39 23
84 52 37
84 61 35
84 91 22
84 92 21
85 13 50
85 15 2
85 69 5
86 3 25
86 4 41
86 84 28
87 16 3
87 18 42
87 21 10
87 42 17
87 54 8
87 68 26
88 9 4
88 13 35
88 48 30
88 93 37
89 25 24
89 87 20
90 9 19
90 16 28
90 46 16
90 85 7
91 0 3
91 12 35
91 32 28
91 46 29
91 90 13
92 12 17
92 13 36
92 22 28
92 48 26
92 81 31
93 3 27
93 11 5
93 87 7
94 56 9
94 57 26
94 84 5
94 84 32
95 37 35
95 40 48
95 57 15
95 60 45
95 84 15
96 9 9
96 53 10
97 15 28
97 37 38
97 84 35
98 27 3
98 52 20
98 63 10
98 73 32
98 89 31
99 30 39
99 74 28
99 87 41
